30
5
0 3 20 0 0
3 0 0 0 0
20 0 0 0 0
0 0 0 0 6
0 0 0 6 0
5
0 3 20 0 0
3 0 0 0 0
20 0 0 0 0
0 0 0 0 6
0 0 0 6 0
5
0 3 20 0 0
3 0 0 0 0
20 0 0 0 0
0 0 0 0 6
0 0 0 6 0
5
0 3 20 0 0
3 0 0 0 0
20 0 0 0 0
0 0 0 0 6
0 0 0 6 0
5
0 3 20 0 0
3 0 0 0 0
20 0 0 0 0
0 0 0 0 6
0 0 0 6 0
5
0 3 20 0 0
3 0 0 0 0
20 0 0 0 0
0 0 0 0 6
0 0 0 6 0
5
0 3 20 0 0
3 0 0 0 0
20 0 0 0 0
0 0 0 0 6
0 0 0 6 0
5
0 3 20 0 0
3 0 0 0 0
20 0 0 0 0
0 0 0 0 6
0 0 0 6 0
5
0 3 20 0 0
3 0 0 0 0
20 0 0 0 0
0 0 0 0 6
0 0 0 6 0
5
0 3 20 0 0
3 0 0 0 0
20 0 0 0 0
0 0 0 0 6
0 0 0 6 0
5
0 3 20 0 0
3 0 0 0 0
20 0 0 0 0
0 0 0 0 6
0 0 0 6 0
5
0 3 20 0 0
3 0 0 0 0
20 0 0 0 0
0 0 0 0 6
0 0 0 6 0
5
0 3 20 0 0
3 0 0 0 0
20 0 0 0 0
0 0 0 0 6
0 0 0 6 0
5
0 3 20 0 0
3 0 0 0 0
20 0 0 0 0
0 0 0 0 6
0 0 0 6 0
5
0 3 20 0 0
3 0 0 0 0
20 0 0 0 0
0 0 0 0 6
0 0 0 6 0
5
0 3 20 0 0
3 0 0 0 0
20 0 0 0 0
0 0 0 0 6
0 0 0 6 0
5
0 3 20 0 0
3 0 0 0 0
20 0 0 0 0
0 0 0 0 6
0 0 0 6 0
5
0 3 20 0 0
3 0 0 0 0
20 0 0 0 0
0 0 0 0 6
0 0 0 6 0
5
0 3 20 0 0
3 0 0 0 0
20 0 0 0 0
0 0 0 0 6
0 0 0 6 0
5
0 3 20 0 0
3 0 0 0 0
20 0 0 0 0
0 0 0 0 6
0 0 0 6 0
5
0 3 20 0 0
3 0 0 0 0
20 0 0 0 0
0 0 0 0 6
0 0 0 6 0
5
0 3 20 0 0
3 0 0 0 0
20 0 0 0 0
0 0 0 0 6
0 0 0 6 0
5
0 3 20 0 0
3 0 0 0 0
20 0 0 0 0
0 0 0 0 6
0 0 0 6 0
5
0 3 20 0 0
3 0 0 0 0
20 0 0 0 0
0 0 0 0 6
0 0 0 6 0
5
0 3 20 0 0
3 0 0 0 0
20 0 0 0 0
0 0 0 0 6
0 0 0 6 0
5
0 3 20 0 0
3 0 0 0 0
20 0 0 0 0
0 0 0 0 6
0 0 0 6 0
5
0 3 20 0 0
3 0 0 0 0
20 0 0 0 0
0 0 0 0 6
0 0 0 6 0
5
0 3 20 0 0
3 0 0 0 0
20 0 0 0 0
0 0 0 0 6
0 0 0 6 0
5
0 3 20 0 0
3 0 0 0 0
20 0 0 0 0
0 0 0 0 6
0 0 0 6 0
5
0 3 20 0 0
3 0 0 0 0
20 0 0 0 0
0 0 0 0 6
0 0 0 6 0